tree
version=v3
num_class=1
num_tree_per_iteration=1
label_index=0
max_feature_idx=7
objective=binary sigmoid:1
feature_names=pos_score_data.posx pos_score_data.dnet pos_score_data.view pos_score_data.dopp eval_data.close_opp_dir_change eval_data.small_cone_angle eval_data.angle_diff eval_data.timestep
feature_infos=[-0.95999992219731212:0.95998025976548051] [0.044622159080759248:1.9958743385892572] [0:1.8301452033033052] [0.00037020759643408306:0.10000000000000001] [0:0.018295859352258578] [0.0011152661876110415:200] [0:180] [5:7]
tree_sizes=3275 3408 3427 3428 3426 3449 3447 3442 3438 3438

Tree=0
num_leaves=30
num_cat=0
split_feature=5 4 4 7 5 5 4 1 0 4 4 4 5 0 3 5 3 1 6 5 7 1 4 4 3 1 4 3 3
split_gain=199788 56880.3 32824.5 28637.9 18932.5 14060.4 13345.6 12743.2 11008.5 7598.1 6692.9 6327.55 7001.66 5903.73 7382.22 5436.67 4112.54 4074.59 3586.61 3357.55 3134.28 2693.24 2537.67 2252.05 2215.84 2214.56 3025.6 2081.28 2017.43
threshold=42.028242534455138 0.0077596679925746618 0.0093842588800332541 5.5000000000000009 63.319456914590894 18.699357008048654 0.0043658198364625901 1.4415767730692106 0.82084404533637112 0.0066492782661322254 0.0048063387933457774 0.014544326014156625 30.278100203614517 0.7997522237244995 0.06166371594387636 55.218497506111916 0.055489999601670975 1.0724354783766772 50.421013583404921 25.9936166479925 1.0000000180025095e-35 1.3243585235094815 0.015886611315702698 0.010497079872468496 0.055835323179985269 1.1149944407277472 0.010689560175302202 0.041819505140930698 0.042530816496944721
decision_type=2 2 2 10 2 2 2 2 2 2 2 2 2 2 2 2 2 2 2 2 10 2 2 2 2 2 2 2 2
left_child=1 5 7 8 13 6 -1 9 11 -2 -7 12 17 14 20 28 -6 -3 24 -12 25 -20 -13 -16 -14 26 -4 -17 -11
right_child=2 3 4 -5 16 10 -8 -9 -10 15 19 22 18 -15 23 27 -18 -19 21 -21 -22 -23 -24 -25 -26 -27 -28 -29 -30
leaf_value=2.2473860630862088 2.325753467618787 1.8096757280442153 2.0292231419520537 2.2784462084950285 2.1897225868284758 2.2971119722779019 1.6790069648252159 2.2388269452627765 2.1425188901206353 2.13973490146781 1.9699803541271581 2.0180876900352716 1.9603989724383453 2.2725399578441783 2.2239821391061714 2.2244139400001748 2.2672521112080815 1.9232478358577458 1.8686449045266265 2.1878713615172591 2.1522958152983032 2.0392651886654236 2.2745521270081985 2.1021197764730495 2.127668574935131 2.0825806600916295 1.8440620738497964 2.3019836711118509 2.244722138452663
leaf_weight=722.20815286040306 117458.99987593293 7620.9720595180988 1705.0868298113346 2801.540300399065 8897.6113370060921 7330.7445140182972 965.21340176463127 29158.734082877636 2479.9461199343204 2184.4620779156685 767.01763138175011 2529.7535787522793 1371.3423869013786 2029.8693770170212 3219.7333759069443 3668.1728494167328 29613.119429498911 5395.3197301924229 3146.7456291615963 9068.576731979847 1257.5090770423412 1310.4187305271626 455.24706736207008 2866.6863884031773 1874.5011274516582 1384.7852304577827 1829.2607885599136 60648.595113754272 11289.748113453388
leaf_count=8381 1363075 88439 19787 32511 103254 85071 11201 338378 28779 25350 8901 29357 15914 23556 37364 42568 343651 62611 36517 105238 14593 15207 5283 33267 21753 16070 21228 703808 131014
internal_value=2.25123 2.06251 2.2838 1.97457 2.21286 2.19771 1.92227 2.30049 1.94205 2.3097 2.22479 1.92108 1.90147 2.11457 2.08842 2.28546 2.24934 1.85675 1.97704 2.17088 2.01141 1.91881 2.0572 2.16659 2.057 1.97539 1.93339 2.29756 2.2277
internal_weight=0 47839.5 277212 28985.8 52803.7 18853.8 1687.42 224409 26184.2 195250 17166.3 23704.3 20719.3 14292.9 12263.1 77791 38510.7 13016.3 7703.01 9835.59 6176.64 4457.16 2985 6086.42 3245.84 4919.13 3534.35 64316.8 13474.2
internal_count=3772126 555163 3216963 336371 612770 218792 19582 2604193 303860 2265815 199210 275081 240441 165865 142309 902740 446905 151050 89391 114139 71678 51724 34640 70631 37667 57085 41015 746376 156364
shrinkage=1


Tree=1
num_leaves=30
num_cat=0
split_feature=5 4 4 7 5 1 5 4 4 5 5 0 3 3 3 4 6 4 7 4 1 0 0 2 3 3 4 0 1
split_gain=138913 30919.3 26880.9 14508.2 12873 11273.6 8470.34 6669.25 5692.7 4393.2 4200.23 3810.51 4361.26 3111.76 3080.22 3075.49 2688.5 2503.9 2234.68 1854.47 2712.45 1810.94 1570.52 1556.72 1542.32 1537.52 1359.16 1428.06 1242.91
threshold=42.457627549872761 0.0067981482433025946 0.0093064587663107112 5.5000000000000009 64.84023508028217 1.4415767730692106 20.033214535182072 0.0066775856955988049 0.0043658198364625901 30.278100203614517 57.426889719447466 0.82084404533637112 0.068027871843738902 0.051053702482242967 0.024066154352740968 0.014200725033705499 78.676973598475584 0.0052007782887738664 5.5000000000000009 0.010443556385915827 1.536745916302708 0.85208606556961386 0.67730307142469137 0.098714456658966984 0.041053404022216987 0.046745820348091778 0.015886611315702698 0.92579760242034048 1.9384058830874149
decision_type=2 2 2 10 2 2 2 2 2 2 2 2 2 2 2 2 2 2 10 2 2 2 2 2 2 2 2 2 2
left_child=1 6 5 9 11 7 8 23 -1 15 25 12 18 22 -8 21 -11 -16 19 -4 -21 -3 -6 -2 -12 -9 27 28 -17
right_child=2 3 4 -5 13 -7 14 10 -10 16 24 -13 -14 -15 17 26 -18 -19 -20 20 -22 -23 -24 -25 -26 -27 -28 -29 -30
leaf_value=0.00050994709321489616 0.059675648318113839 -0.26021523579670081 -0.12027484164142255 0.025251612562875843 -0.089489131312429276 -0.010828072013216439 -0.38772691757465078 -0.067954602807881945 -0.32757203189860795 -0.1293835342332961 -0.026050942782784144 0.027600341724585975 -0.046412529277115255 0.013339118573625781 0.042997734497039052 -0.2046557090140837 -0.21889400141316792 -0.04282037150308831 0.045128399439582502 -0.24434499251018421 -0.061823896515966183 -0.13428231797920495 0.037220859384690295 0.083365732543626822 0.048837764312325282 0.0046326534158741984 0.019377152499926519 0.064147207443583695 0.0039448991434311827
leaf_weight=841.92506287992001 55592.964251309633 16670.620933666825 4220.0737367272377 2955.9847102165222 4916.4096829667687 29202.440526485443 199.36550118774176 3893.2796831429005 1422.3775010704994 9273.5950253382325 2896.3054610267282 1984.0964406430721 5302.1025841534138 32602.210465580225 8363.0864397063851 4250.3972508311272 5258.1371850818396 5728.7711031734943 510.64789874851704 4241.699205711484 1007.6246160343289 1225.8586578369141 1221.1469262242317 55359.910182841122 54461.186502978206 11650.035257168114 374.92042157799006 231.14742112159729 306.21194739639759
leaf_count=9796 685431 143905 44209 34861 54426 335504 2275 42936 10993 94505 32891 23336 58030 381428 99194 39109 48369 62712 5523 39460 10444 13033 13516 682505 658378 135580 4420 2459 2898
internal_value=0 -0.141042 0.0306842 -0.188062 -0.0309647 0.0468899 -0.0258835 0.0560575 -0.205583 -0.204836 0.0325609 -0.102777 -0.119704 0.00104212 0.00258804 -0.231974 -0.161772 0.00811005 -0.158642 -0.169631 -0.209309 -0.251589 -0.0642785 0.0714958 0.0450562 -0.013549 -0.163978 -0.178337 -0.190637
internal_weight=0 57102.4 269062 40546.9 56006 213056 16555.5 183854 2264.3 37590.9 72900.8 17266.2 15282.1 38739.8 14291.2 23059.2 14531.7 14091.9 9980.05 9469.4 5249.32 17896.5 6137.56 110953 57357.5 15543.3 5162.68 4787.76 4556.61
internal_count=3772126 568529 3203597 383559 630372 2573225 184970 2237721 20789 348698 869785 181002 157666 449370 164181 205824 142874 161906 99636 94113 49904 156938 67942 1367936 691269 178516 48886 44466 42007
shrinkage=0.1


Tree=2
num_leaves=30
num_cat=0
split_feature=5 4 4 1 7 5 5 4 4 4 0 3 0 3 3 4 0 5 1 3 3 4 4 6 3 1 4 6 5
split_gain=103763 23994.2 20037 10309.5 9476.09 7892.62 6369.56 4854.77 4625.87 3813.86 3520.3 2674.5 2538.56 3965.53 2392.26 1868.8 1818.4 1755.05 1751.45 1472.59 1457.66 2118.6 1437.87 1404.12 1202.84 1160.15 1284.45 1157.12 1146.84
threshold=45.344918673388072 0.0075596632760536941 0.0091345467244135087 1.3990671576621259 5.5000000000000009 67.293752558955887 23.954662248007811 0.0065232146889736267 0.0044418764083263241 0.0056204453661019447 0.84101476587806878 0.042530816496944721 0.7107945351161532 0.060755882202449207 0.048775568933081798 0.015886611315702698 0.49746000204720503 34.841284474440194 1.3508556647952477 0.024066154352740968 0.063186951334191596 0.010497079872468496 0.010556083530004012 0.79049247225960084 0.034259170743364153 1.4188730300810566 0.010766710410930726 125.13540628615293 59.003393950605016
decision_type=2 2 2 2 10 2 2 2 2 2 2 2 2 2 2 2 2 2 2 2 2 2 2 2 2 2 2 2 2
left_child=1 6 3 7 10 12 8 23 -1 19 15 16 13 -4 -7 17 -9 18 -3 -8 -19 -22 -15 -2 -25 26 -16 -27 -13
right_child=2 4 5 -5 -6 14 9 11 -10 -11 -12 28 -14 22 25 -17 -18 20 -20 -21 21 -23 -24 24 -26 27 -28 -29 -30
leaf_value=0.0020619567438886215 0.095646501779777737 -0.19833316627235328 -0.13635392034934354 -0.0073677754173976859 0.024449774430767443 -0.059331115193160172 -0.25438258202345909 -0.082272973938525021 -0.22842834824638214 -0.049852844654541123 -0.056015717673943935 0.015074478127672467 0.012594724956549872 -0.0044585955615009725 0.038560023955809944 0.026867009248640335 0.02870317848480617 -0.16582213747828609 -0.14027895927244574 0.040987659314231199 -0.045515738709055745 -0.17773305184495747 -0.089187807017764575 -0.052931270587193428 0.066077932137653395 -0.012114668712972933 -0.0050945355664172402 -0.16536548174886323 0.048682789065931355
leaf_weight=1367.2191220223904 18145.493286378682 20451.320590853691 8277.2227187901735 30273.54927264899 3004.3544938117266 4969.5451533123851 171.43232672661543 3048.5977254956961 2397.8571617156267 9491.0940017476678 3080.1125291883945 12749.478547371924 3001.3625290170312 4969.5825506895781 18622.110226638615 491.88972691446543 2863.1851446032524 7914.7133024185896 6967.0658109560609 10955.605063952506 3098.9434638768435 1990.2456938922405 3355.0601783692837 858.69722434133291 77401.308678299189 4880.4379171133041 10563.072876289487 548.01135241985321 49863.702595978975
leaf_count=15940 237875 149253 74921 346953 36045 52717 1500 33586 16613 101091 30190 150923 33640 55070 221301 5590 31593 68656 54500 133499 30384 16453 33330 11276 1012127 57207 124284 6451 629158
internal_value=0 -0.105618 0.0308191 0.0462728 -0.147378 -0.0201492 -0.0251256 0.0561187 -0.14473 -0.00328462 -0.159113 0.0357689 -0.0720401 -0.0873408 0.00554931 -0.166874 -0.0285252 -0.169232 -0.183581 0.0364369 -0.138975 -0.0972224 -0.0386068 0.0705833 0.0647721 0.0148643 0.02276 -0.0275856 0.0418394
internal_weight=0 71381.9 254390 195204 46998.6 59186.4 24383.2 164930 3765.08 20618.1 43994.3 68525 19603.2 16601.9 39583.2 40914.2 5911.78 40422.3 27418.4 11127 13003.9 5089.19 8324.64 96405.5 78260 34613.6 29185.2 5428.45 62613.2
internal_count=3772126 659714 3112412 2453491 391071 658921 268643 2106538 32553 236090 355026 845260 196961 163321 461960 324836 65179 319246 203753 134999 115493 46837 88400 1261278 1023403 409243 345585 63658 780081
shrinkage=0.1


Tree=3
num_leaves=30
num_cat=0
split_feature=5 6 4 5 7 5 2 4 4 1 3 4 4 0 0 3 0 7 0 1 4 4 5 4 3 3 3 6 3
split_gain=79432 17673.4 15894.9 8155.28 6289.75 4857.18 4525.61 3742.91 3641.09 3476.51 2919.25 2684.9 2530.15 2257.9 2215.8 1742.2 1710.01 1627.01 1526.99 1525.86 1455.32 1429.11 1408.95 1377.96 1216.64 1153.98 1151.51 1128.26 1015.65
threshold=45.344918673388072 29.266977965414785 0.0073944336809159319 68.912458496045005 5.5000000000000009 26.970974700302808 0.096592685277132675 0.010497079872468496 0.0044616843070181293 1.4188730300810566 0.039834245177182009 0.010621810620850602 0.0053619120024080919 0.78179258874137936 0.92579760242034048 0.056708321821385438 -0.52547075075576977 5.5000000000000009 0.79079957469383233 1.817407741208843 0.0048063387933457774 0.0060138007744466671 34.143560098136994 0.014704222010443229 0.070017879634696426 0.035749053875766518 0.073894761825614094 53.661870913758484 0.053363067238219687
decision_type=2 2 2 2 10 2 2 2 2 2 2 2 2 2 2 2 2 10 2 2 2 2 2 2 2 2 2 2 2
left_child=2 6 5 7 14 8 10 15 -1 11 -2 -5 -7 17 22 18 -12 19 -3 24 -18 -8 23 -4 -9 -14 -13 28 -24
right_child=1 3 4 9 -6 12 21 13 -10 -11 16 26 25 -15 -16 -17 20 -19 -20 -21 -22 -23 27 -25 -26 -27 -28 -29 -30
leaf_value=0.0084586226263095605 -0.092175980197099064 -0.071262426546504484 -0.14996588693109883 0.039567209752821013 0.022519653046555291 0.043461788092397473 0.087078456678340257 -0.160457905473815 -0.16447445828269275 -0.015151726141343795 -0.0016499096779995235 -0.035454970373779968 -0.14026299461294886 0.024552861415343529 -0.01901930111199469 0.0051806733876233781 0.072449457088724523 0.04728578030307222 0.043954725037499087 -0.014591913547793631 0.035093400392744077 0.057597108042767554 -0.12029910213649962 -0.078872806036362958 -0.069616855175305234 -0.019891901343272924 0.025661620054423774 -0.13324472656147421 -0.049005420715241055
leaf_weight=1874.1973006427288 1751.3343757987022 7179.7221836894751 28760.168125763535 50946.578380800784 2987.9113769680262 8719.4967090114951 34010.096883505583 5471.7344010770321 3474.8692626133561 24374.199462637305 8886.2197533994913 7852.3621035069227 875.23581491410732 1491.7646650150418 1835.5105910524726 13155.228730767965 14677.132150322199 629.52375458925962 1369.7203014418483 1201.6449607610703 36029.773869983852 31832.260688960552 3587.3183434307575 3011.8667662367225 2018.1116901636124 8846.9952175319195 5075.4466982856393 8178.1029998213053 4510.8768301531672
leaf_count=22251 19820 75849 189621 661665 36510 110801 477811 42129 23916 276216 100577 88658 8919 17582 17354 156738 201244 6330 16108 11128 468875 411735 30108 24247 19731 93353 60216 60347 42287
internal_value=0 0.0286026 -0.0878653 0.0012043 -0.11841 -0.0199849 0.0546178 -0.0416054 -0.103882 0.0169786 0.0350751 0.0292395 0.00434982 -0.0896733 -0.126851 -0.0176591 0.0388148 -0.107954 -0.0528033 -0.119198 0.0459061 0.0728254 -0.13097 -0.143227 -0.135981 -0.0307282 -0.0114606 -0.107045 -0.0805869
internal_weight=0 247953 76662.5 120766 52871.8 23790.8 127187 32517.5 5349.07 88248.6 61344.5 63874.4 18441.7 10812.8 49883.8 21704.7 59593.1 9321.01 8549.44 8691.49 50706.9 65842.4 48048.3 31772 7489.85 9722.23 12927.8 16276.3 8098.2
internal_count=3772126 3112412 659714 1432350 400474 259240 1680062 345595 46167 1086755 790516 810539 213073 96900 363964 248695 770696 79318 91957 72988 670119 889546 346610 213868 61860 102272 148874 132742 72395
shrinkage=0.1


Tree=4
num_leaves=30
num_cat=0
split_feature=5 6 4 5 7 0 5 3 1 4 4 4 0 0 4 0 4 4 7 1 3 0 1 4 4 3 5 3 3
split_gain=62091 14764.1 13101.5 5387.12 4551.69 4528.01 3990.25 3263.57 2837.85 2704.52 2543.19 2401.91 1797.38 1725.92 1729.48 1645.59 1539.64 1481.16 1371.55 1267.99 1185.53 1122.27 1100.53 1180.1 1257.11 1061.37 1016.05 995.495 915.73
threshold=47.243451138109826 35.928174795042786 0.0075596632760536941 74.090676040200762 5.5000000000000009 0.34780206074938186 27.871992074153784 0.041819505140930698 1.4188730300810566 0.0044797055802436783 0.010689560175302202 0.0056491046333601988 0.82084404533637112 -0.52547075075576977 0.0056204453661019447 0.81015853252261893 0.010621810620850602 0.0073415589140899502 5.5000000000000009 1.2667069527060979 0.063186951334191596 0.79079957469383233 1.536745916302708 0.015353602088428243 0.0090681663721884961 0.070439399488849544 25.037481666897467 0.032635449245445834 0.038504070516377123
decision_type=2 2 2 2 10 2 2 2 2 2 2 2 2 2 2 2 2 2 10 2 2 2 2 2 2 2 2 2 2
left_child=2 5 6 10 12 7 9 -2 16 -1 20 -8 22 -9 -15 18 -5 -7 19 25 21 -3 23 24 26 -12 -4 -14 -13
right_child=1 3 4 8 -6 17 11 13 -10 -11 15 28 27 14 -16 -17 -18 -19 -20 -21 -22 -23 -24 -25 -26 -27 -28 -29 -30
leaf_value=0.0092614328616037224 -0.064843283393761636 -0.051161668537286743 -0.17258394223138149 0.037981670482140496 0.0210835124025778 0.078438585960947216 0.03932142191037858 0.0012039675897689733 -0.0160454146177678 -0.1298377765766707 -0.14166715797516724 -0.10128007501309373 0.016385305136088678 0.066572050148626993 0.031476595561403364 0.03158770468083999 -0.0038725799817140383 0.041700346630337802 0.047272577855409136 -0.032011085026813518 0.010590308750209228 0.044691695863973563 -0.07667879437515919 -0.01538636937428875 -0.1272561005865582 -0.053213524727490594 -0.069633206641750378 -0.084588341120313132 -0.016012650977386005
leaf_weight=2077.5812316164374 3268.2905909270048 8914.2798862531781 1108.91953805089 36082.142994083464 3038.1654405146837 45782.412786565721 10740.327522158623 11198.716467261314 21396.174920551479 4271.8943308293819 5205.7286343500018 1459.4972474426031 1760.4119766056538 21727.004524819553 39695.808010160923 1310.286289550364 11619.259566679597 14433.730460800231 700.77467343956232 2224.7008052691817 9749.5033049583435 1415.4143919944763 8495.6846244558692 1134.0282725989819 33893.519592039287 1834.6425660327077 7073.9203990921378 2192.3425165638328 9191.7919862195849
leaf_count=24930 36394 91402 6329 484514 37641 670428 140446 126274 239682 28176 38134 13991 15902 314764 530014 15772 132867 187754 7508 19970 118092 17309 58604 9581 210983 18080 60200 19464 96921
internal_value=0 0.0276939 -0.0713417 -0.00138588 -0.0981064 0.0491562 -0.0147107 0.032909 0.014214 -0.0843238 -0.0357633 0.00595196 -0.104612 0.0373083 0.0438909 -0.0737671 0.0277867 0.0696325 -0.0876189 -0.0978215 -0.014421 -0.0380275 -0.109581 -0.11605 -0.118763 -0.118617 -0.0835849 -0.0396184 -0.0276965
internal_weight=0 236559 86438.1 100453 58697 136106 27741.1 75889.8 69097.6 6349.48 31355.3 21391.6 55658.8 72621.5 61422.8 11276.1 47701.4 60216.1 9965.85 9265.07 20079.2 10329.7 51706.1 43210.4 42076.4 7040.37 8182.84 3952.75 10651.3
internal_count=3772126 3048958 723168 1183330 418704 1865628 304464 1007446 857063 53106 326267 251358 381063 971052 844778 99464 617381 858182 83692 76184 226803 108711 345697 287093 277512 56214 66529 35366 110912
shrinkage=0.1


Tree=5
num_leaves=30
num_cat=0
split_feature=5 6 4 5 2 5 7 1 4 3 5 6 4 4 3 3 0 4 4 4 0 4 3 0 2 3 0 1 6
split_gain=49077.8 12699.9 10127.6 4361.59 3872.38 3639.78 3350.19 2571.68 2185.35 1870.82 1753.15 1612.11 1575.07 1557.85 1459.32 1248.69 1625.63 1245.35 1157.25 1067.11 1014.64 1201.03 1222.73 926.95 860.171 830.275 821.408 1106.2 1271.81
threshold=47.993386425745435 29.266977965414785 0.0067070100139014878 72.989132091079085 0.097405236972313555 22.721810237510855 5.5000000000000009 1.4663818187345641 0.011785847160590947 0.038958095146317338 35.590265907786112 0.91854388586658342 0.010497079872468496 1.0000000180025095e-35 0.028064311328409489 0.060044988496669824 0.73216286983340995 0.0060138007744466671 0.0050691782771766936 0.013858525267688068 0.7107945351161532 0.0092706617998714168 0.051422727095501823 -0.57260579042485904 0.032745605725584485 0.043469948046973676 0.70378334121778618 1.3113144223294375 101.43708261308775
decision_type=2 2 2 2 2 2 10 2 2 2 2 2 2 2 2 2 2 2 2 2 2 2 2 2 2 2 2 2 2
left_child=2 4 5 8 9 13 10 12 15 -2 19 -11 -5 -1 -7 16 -3 -6 -16 -4 21 22 -12 -13 -9 -14 27 28 -10
right_child=1 3 6 7 17 14 -8 24 26 11 20 23 25 -15 18 -17 -18 -19 -20 -21 -22 -23 -24 -25 -26 -27 -28 -29 -30
leaf_value=0.015659152830285808 -0.076631144712654364 -0.052186743036960151 -0.107064332209116 0.035816592759306584 0.083671402229233943 -0.14391588521129814 0.019594548773341477 0.0018327077872011606 -0.18047959026111099 0.074705925867923115 -0.087379746916508669 -0.0044989323879920133 -0.093169240866987912 -0.1308729060194552 0.046226385237342821 0.0058177532812285519 0.036267268015890676 0.05365333116580473 -0.0042792764512228866 -0.072072929635323857 -0.0061294577797097408 -0.093156346117003463 -0.019392477405196989 0.033681196854847294 -0.03851534575068305 0.0033997225843469697 0.0069550935444812403 -0.016304770658841991 -0.070642196667422788
leaf_weight=986.65549521148205 1548.8082371912897 11301.994285672903 29069.308254957199 44925.683965869248 28069.817246954888 552.96411077678204 3277.4424543380737 14828.352319285274 1835.4962404370308 8562.0635178871453 4421.050400942564 7579.7764336019754 961.80265285074711 2741.4810792803764 9080.6657739244401 14851.51158207655 2545.7210334017873 27225.357965767384 9066.4545823782682 12447.258892141283 2781.6075816974044 11255.637581646442 6586.0208351537585 39478.658494673669 8208.6741743460298 11979.561902560294 981.46863237768412 1445.2581465542316 2476.6284876540303
leaf_count=11848 15595 108617 172202 622997 453569 5358 40756 163796 12589 126041 37271 85715 9418 14988 125216 175846 30672 389747 101081 77984 24637 74671 62763 555996 90756 138836 11098 12777 19286
internal_value=0 0.0260617 -0.0603332 0.00289809 0.0500239 -0.00187029 -0.0791083 0.0157127 -0.0263572 0.0317747 -0.0839684 0.0347934 0.0269618 -0.092093 0.0161169 -0.0143239 -0.0359256 0.0688916 0.0209933 -0.0965734 -0.0630727 -0.0701875 -0.0466999 0.0275315 -0.0125443 -0.00377729 -0.0776041 -0.092019 -0.117396
internal_weight=0 228807 92266.5 116342 112464 22428.2 69838.3 80904.1 35438.1 57169.3 66560.9 55620.5 57867 3728.14 18700.1 28699.2 13847.7 55295.2 18147.1 41516.6 25044.3 22262.7 11007.1 47058.4 23037 12941.4 6738.85 5757.38 4312.12
internal_count=3772126 3023351 748775 1396688 1626663 258491 490284 1025803 370885 783347 449528 767752 771251 26836 231655 315135 139289 843316 226297 250186 199342 174705 100034 641711 254552 148254 55750 44652 31875
shrinkage=0.1


Tree=6
num_leaves=30
num_cat=0
split_feature=5 6 4 3 2 5 7 0 4 1 4 4 4 6 3 3 0 4 5 4 1 6 0 3 3 5 3 1 3
split_gain=39272.9 10592 8654.88 3589.62 3548.24 2939.96 2581.76 2356.59 2213.79 2090.69 1937.03 1850.92 1721.01 1656.9 1822.94 1428.49 1204.91 1139.61 1112.45 875.955 850.448 901.274 824.121 762.88 712.617 709.242 928.853 681.827 694.058
threshold=49.450133690797692 29.266977965414785 0.0075596632760536941 0.056016731891802819 0.096592685277132675 29.600462760135006 5.5000000000000009 0.71819452764466418 0.0072501568179208871 1.5854154490012837 0.010497079872468496 0.0045208620342465982 0.0056491046333601988 0.67623307658929843 0.04516073202699173 0.042186334913764965 0.87311771006323413 0.0059864827160705557 80.748162933129151 0.015886611315702698 1.8992676570991687 51.229773877424641 -0.52547075075576977 0.038504070516377123 0.040658948701941623 25.037481666897467 0.067269264391462691 1.4904156633124968 0.026374857838062538
decision_type=2 2 2 2 2 2 10 2 2 2 2 2 2 2 2 2 2 2 2 2 2 2 2 2 2 2 2 2 2
left_child=2 4 5 7 13 11 16 8 -3 10 -5 -1 27 -2 -15 -10 19 -6 -12 20 21 25 -16 -14 -19 -4 -27 28 -7
right_child=1 3 6 9 17 12 -8 -9 15 -11 18 -13 23 14 22 -17 -18 24 -20 -21 -22 -23 -24 -25 -26 26 -28 -29 -30
leaf_value=0.010787833852532369 0.073974122579687926 0.03249294852169566 -0.11573680865864991 0.031687330681325981 0.081479786647844402 -0.1510095803251858 0.018385665946138503 0.037136021404862447 -0.097860619376487226 -0.015005329567362552 -0.039793109198913573 -0.091924318968992225 -0.076117836809940567 -0.048031926464056844 -0.00092128255231663952 -0.037082988429413224 -0.016268532190853773 -0.0028331806130160401 0.014981697989771094 0.042411923550647539 -0.039923486393085572 -0.090247854453803969 0.034847099745455655 -0.0043469758463687011 0.056757180896660014 -0.069543581940649593 -0.0092634239303442875 -0.090980548284569238 0.048658898360493828
leaf_weight=2581.0043785274029 7328.3269154541194 3573.2572392746806 2068.8042742460966 51109.529734805226 25496.449275411665 177.12234445288777 3106.6278196945786 4755.2723893821239 5232.7377004921436 19298.143764808774 6624.3769868463278 5478.5746145248413 1722.7181532122195 3368.5697441324592 7873.8952619582415 14818.004560142756 3325.107550598681 2190.5359773375094 8421.6376499012113 597.77104409784079 5052.857432231307 41733.173390723765 35411.404088437557 10555.925939053297 23925.297424148768 9080.7095045074821 3557.7173436433077 380.9573453143239 10172.494459483773
leaf_count=31724 114117 48978 10674 700939 442869 1557 39497 58763 44011 211324 62207 35705 15378 38981 89010 150940 28858 28625 100085 5869 31960 233159 517791 113289 363868 70653 31074 5037 145184
internal_value=0 0.0248822 -0.0508355 0.00372158 0.0476939 -0.00705567 -0.0706857 -0.0270929 -0.0400216 0.0139551 0.0224031 -0.0590317 0.0111503 0.0297698 0.0228262 -0.0529444 -0.0749157 0.066441 -0.00913425 -0.0780564 -0.0792275 -0.0827462 0.0283406 -0.0144166 0.0517589 -0.0614595 -0.0525747 0.0404056 0.0452418
internal_weight=0 219427 99591.6 113833 105594 31068.8 68522.8 28379.3 23624 85453.7 66155.5 8059.58 23009.2 53982.2 46653.9 20050.7 65416.1 51612.3 15046 62091 61493.3 56440.4 43285.3 12278.6 26115.8 14707.2 12638.4 10730.6 10349.6
internal_count=3772126 2972508 799618 1377247 1595261 347874 451744 302692 243929 1074555 863231 67429 280445 759899 645782 194951 412247 835362 162292 383389 377520 345560 606801 128667 392493 112401 101727 151778 146741
shrinkage=0.1


Tree=7
num_leaves=30
num_cat=0
split_feature=5 6 4 0 5 3 7 3 4 1 0 6 4 4 5 4 0 0 7 4 3 3 1 4 3 2 4 4 1
split_gain=31585.7 8907.62 7550.92 3585.6 2631.14 2593.05 2037.34 1933.87 1750.2 1736.51 1572.2 1352.82 1337.63 1169.98 1145.18 1111.62 1015.46 849.323 826.95 786.28 750.629 729.5 719.52 1071.82 734.727 699.206 693.928 678.901 659.128
threshold=51.261149940640713 37.201102008049993 0.0074210789481434702 0.3563770531569026 31.951084680191205 0.059173455090476813 5.5000000000000009 0.044357321282254752 0.004571477263286737 1.3990671576621259 0.79079957469383233 0.59839741171431637 0.005706320908205444 0.0083415787518564335 82.040422431181966 0.0066775856955988049 0.82084404533637112 -0.57260579042485904 5.5000000000000009 0.012065016411765236 0.032635449245445834 0.047019340756379722 1.1092299086834359 0.0090681663721884961 0.042530816496944721 0.032745605725584485 0.0056204453661019447 1.0000000180025095e-35 1.9612237222646682
decision_type=2 2 2 2 2 2 10 2 2 2 2 2 2 2 2 2 2 2 10 2 2 2 2 2 2 2 2 2 2
left_child=2 3 4 7 8 10 16 -2 -1 14 13 -9 -6 -3 19 -5 22 27 21 -7 -18 -15 23 24 -4 28 -19 -13 -11
right_child=1 5 6 15 12 9 -8 11 -10 25 -12 17 -14 18 -16 -17 20 26 -20 -21 -22 -23 -24 -25 -26 -27 -28 -29 -30
leaf_value=0.013820590677488529 -0.033280966665924998 0.018802544315612221 -0.10216065987309175 0.075878372098277733 0.042368718105655616 0.010262474852576291 0.017257157316222304 0.07527211691060226 -0.074815852090765675 0.0074679208129217137 0.043127453202871119 -0.0332361568713734 -0.0067751141642909095 -0.072498358634713267 0.034469235326182915 0.044750339552582424 0.026241794487960126 0.051037728116881835 0.048081754168140506 -0.05229116857100078 -0.05344242822750192 -0.032570254540815045 -0.052256664694371159 -0.08309402957856471 -0.035170033546589922 -0.035961884913863915 0.024974859373343053 0.020575882207216692 -0.087893576166631973
leaf_weight=3358.8621621727943 4844.1708416752517 3551.9136474877596 1996.9859074726701 28313.618212874979 10674.991894304752 13542.70417612046 3248.9658315181732 6560.4732610210776 6615.2473683059216 12185.999724432826 2959.531801238656 3676.0640035420656 11510.837208155543 7414.9099757894874 28534.561016067863 19287.404570680112 2062.9814619496465 14688.129534002393 942.12678869068623 2359.5251487120986 2768.8127117976546 11950.692021295428 22404.54595733434 33652.315989509225 9086.7858887910843 7891.6968987509608 33550.418283026665 6472.384184025228 770.64566734433174
leaf_count=42406 55657 49032 13771 515718 158849 166382 41581 111730 45930 134526 38513 41128 126180 60462 406895 284757 18359 237725 9995 21648 22711 118889 134675 184348 75368 86317 487870 72298 8406
internal_value=0 0.0238391 -0.0428628 0.0421038 -0.00230739 0.000559671 -0.0602017 0.0276704 -0.0449668 0.011314 -0.0256192 0.0322165 0.0168711 -0.0341464 0.0224851 0.0632656 -0.0636984 0.0273787 -0.0434075 0.000980953 -0.0194205 -0.0478584 -0.0668848 -0.0742108 -0.0472399 -0.0124965 0.0329107 0.00108359 0.00179593
internal_weight=0 209497 107381 117393 32159.9 92104.3 75221.4 69791.6 9974.11 65285.1 26819.2 64947.5 22185.8 23859.6 44436.8 47601 71972.4 58387 20307.7 15902.2 4831.79 19365.6 67140.6 44736.1 11083.8 20848.3 48238.5 10148.4 12956.6
internal_count=3772126 2907948 864178 1806883 373365 1101065 490813 1006408 88336 824174 276891 950751 285029 238378 594925 800475 449232 839021 189346 188030 41070 179351 408162 273487 89139 229249 725595 113426 142932
shrinkage=0.1


Tree=8
num_leaves=30
num_cat=0
split_feature=5 6 4 5 2 6 3 5 4 1 3 7 7 4 4 4 3 3 0 3 0 3 4 0 2 0 1 4 6
split_gain=25533.1 8976.38 3886.8 3468 3191.36 1588.71 1729.73 1481.79 1379.59 2074.31 1175.1 1125.7 1030.95 1019.78 983.081 978.475 918.923 773.369 861.783 759.245 816.554 757.442 699.676 673.008 637.369 586.679 534.217 585.9 554.656
threshold=44.55636271264914 27.865478558203581 0.0046787623881749014 61.490016426836441 0.10307983504362599 0.59839741171431637 0.04516073202699173 28.746040647176759 0.010689560175302202 1.3990671576621259 0.035090947438256005 5.5000000000000009 5.5000000000000009 0.012456394958120922 0.0066775856955988049 0.0066492782661322254 0.05013097598028321 0.080750709792682562 0.69658590489998473 0.070644669071044788 0.82084404533637112 0.029508424151845365 0.0077321055979534268 -0.52547075075576977 0.026986358449024795 0.92579760242034048 1.1092299086834359 0.012065016411765236 136.44027721736748
decision_type=2 2 2 2 2 2 2 2 2 2 2 10 10 2 2 2 2 2 2 2 2 2 2 2 2 2 2 2 2
left_child=2 4 -1 19 5 -2 -7 11 9 16 -6 13 17 -4 21 -12 -5 18 26 20 22 -9 -3 -8 -11 -15 27 -10 -28
right_child=1 3 7 8 10 6 23 14 12 24 15 -13 -14 25 -16 -17 -18 -19 -20 -21 -22 -23 -24 -25 -26 -27 28 -29 -30
leaf_value=0.025204086401904992 0.069604697507931884 0.02220097497229474 -0.085051831355041255 -0.0061998620416311954 -0.0265847357379153 -0.039910462777176955 -0.0019430464354229966 -0.16442881886742219 -0.035687904316905161 0.0056797202161537989 0.075304296880933971 0.015777041208114406 0.049248169033384803 -0.055902006617209926 -0.043908385832152334 0.04272505854299613 0.031852156145277082 0.017114272688843326 0.03306372646812096 -0.0014663032595586621 0.024875485577275327 0.0031035923009705411 -0.052046922256006559 0.030649893520706985 -0.026958114570459941 0.036472501199822281 0.0010909945367428102 -0.093566870722718146 -0.092112365169690069
leaf_weight=7419.2715813405812 7245.6282677166164 1371.0069170407951 17214.18003410846 7345.504225473851 1458.2483673654497 4462.6753739900887 7582.2068324536085 280.56797126308084 4010.9211148321629 13797.165665283799 28394.058009583503 1734.3866526037455 2252.9455516040325 23408.945973306894 31310.173916190863 13650.586778707802 46656.255953911692 3765.5159578248858 1655.2614547535777 6686.1227036565542 1753.4207936413586 7076.4742255546153 17091.148783542216 38526.988201849163 10565.214064434171 708.3420746922493 3462.1588898301125 3101.2903464883566 782.88043207675219
leaf_count=103060 127589 18297 89796 88885 20947 49614 85765 2230 40604 152566 548266 22905 26139 120837 210123 210047 690596 44158 18731 72630 22994 79793 135848 598247 113768 6065 34550 29553 7523
internal_value=0 0.0191132 -0.0440982 0.00110452 0.0412058 0.0258112 0.0195367 -0.0503891 0.00988323 0.0157484 0.061666 -0.0631476 -0.0142677 -0.0664595 -0.0361792 0.0647268 0.0266762 -0.0227966 -0.0343459 -0.030678 -0.0403395 -0.00328542 -0.0465332 0.0252903 -0.0084743 -0.0531889 -0.0441705 -0.0609261 -0.0160978
internal_weight=0 225617 89152.3 124297 101320 57817.5 50571.9 81733.1 97395.1 78364.1 43502.9 43065.9 19031 41331.5 38667.2 42044.6 54001.8 16778 13012.5 26901.7 20215.6 7357.04 18462.2 46109.2 24362.4 24117.3 11357.3 7112.21 4245.04
internal_count=3772126 3137317 634809 1496842 1640475 861215 733626 531749 1247073 1045815 779260 239603 201258 216698 292146 758313 779481 175119 130961 249769 177139 82023 154145 684012 266334 126902 112230 70157 42073
shrinkage=0.1


Tree=9
num_leaves=30
num_cat=0
split_feature=5 6 4 2 5 3 4 6 3 7 1 0 3 0 4 1 7 4 4 4 5 3 1 3 4 5 4 7 7
split_gain=21055.4 6287.14 5574.84 2933.5 2008.51 1591.93 1571.86 1478.51 1566.47 1438.57 1328.3 1060 1033.47 814.9 788.244 771.226 743.589 740.902 725.559 723.815 702.202 691.457 666.374 733.681 1287.26 643.801 627.721 618.813 603.188
threshold=53.919109571683997 37.201102008049993 0.0077596679925746618 0.10884552113137912 22.721810237510855 0.058462226495689232 0.0050691782771766936 0.67623307658929843 0.039412749882708979 5.5000000000000009 1.4415767730692106 0.68990639455164759 0.036353660509752146 0.75524596530029531 0.010847022990774382 1.4663818187345641 5.5000000000000009 0.0074483552457607193 0.015886611315702698 0.0084764774505617455 41.618432383279135 0.031768934557186254 1.1092299086834359 0.06839437243451553 0.011181431808662831 25.037481666897467 1.0000000180025095e-35 5.5000000000000009 1.0000000180025095e-35
decision_type=2 2 2 2 2 2 2 2 2 10 2 2 2 2 2 2 8 2 2 2 2 2 2 2 2 2 2 10 10
left_child=2 3 4 7 26 11 15 -2 -9 13 14 19 -8 18 -7 -6 -10 -5 22 -3 -14 -15 23 -4 25 -25 -1 -16 -21
right_child=1 5 9 17 6 10 12 8 16 -11 -12 -13 20 21 27 -17 -18 -19 -20 28 -22 -23 -24 24 -26 -27 -28 -29 -30
leaf_value=0.0097977095417396895 0.068992329827671978 0.015874693998994115 -0.067372676661964989 0.069487858169843486 0.045053529579598205 0.027652376335344887 -0.067386923322640929 -0.068805495010567999 0.046702259619931422 0.017709488435553287 -0.011009155240900861 0.029648979667201304 -0.019151881377412194 0.027729497643135915 -0.013815074123171326 -0.075595518516996335 0.018417552484961307 0.036486598002396037 0.051535227405158507 -0.045508296460808055 0.017737819607878975 -0.040193196548581188 -0.040087775525450661 -0.079088389730822536 -0.08189688234949985 0.0054384105101642332 -0.082172512186827612 0.05442968522599019 0.0010329010301342251
leaf_weight=934.98321374505758 7168.458015371114 3116.4453390911222 36084.432011365891 27007.915337391198 10382.375022698194 32951.776910554618 2531.4468690790236 1882.4225424788892 11497.565494339913 3312.9634907767177 20176.642460346222 3682.1478303298354 9784.9870042130351 2344.3556306511164 9001.8472586348653 558.31864351779222 48508.983722370118 9093.5544642992318 661.67394830286503 14218.477498978376 10917.02263873443 4155.2972012460232 23841.405905418098 1088.4193675369024 3946.0240161046386 5235.1070241555572 3597.6395515874028 1558.7554968670011 3462.9029282778502
leaf_count=11848 136168 43920 200250 539250 165506 489369 22381 17391 176819 42418 216649 46783 86233 20709 96349 7252 726442 139594 6014 124263 149633 31818 136056 4916 20331 42864 17237 19119 34544
internal_value=0 0.0215626 -0.0318498 0.0380752 -0.000652425 0.00186813 0.00764359 0.025999 0.0210192 -0.0468189 0.0101988 -0.0198055 -0.00707356 -0.0495825 0.0200328 0.0388966 0.023837 0.0611752 -0.052691 -0.0285611 0.000301578 -0.0156942 -0.0536735 -0.0606611 -0.0370783 -0.00911053 -0.063201 -0.00374208 -0.0363932
internal_weight=0 193328 119376 105159 38706.8 88169 34174.2 69057.4 61889 80669.7 63689 24480 23233.5 77356.7 43512.4 10940.7 60006.5 36101.5 70857.1 20797.8 20702 6499.65 70195.4 46354 10269.6 6323.53 4532.62 10560.6 17681.4
internal_count=3772126 2806660 965466 1735664 460090 1070996 431005 1056820 920652 505376 821486 249510 258247 462958 604837 172758 903261 678844 410431 202727 235866 52527 404417 268361 68111 47780 29085 115468 158807
shrinkage=0.1


end of trees

feature_importances:
eval_data.close_opp_dir_change=82
pos_score_data.dopp=55
eval_data.small_cone_angle=42
pos_score_data.posx=35
pos_score_data.dnet=28
eval_data.angle_diff=20
eval_data.timestep=19
pos_score_data.view=9

parameters:
[boosting: gbdt]
[objective: binary]
[metric: binary_logloss]
[tree_learner: serial]
[device_type: cpu]
[data: ]
[valid: ]
[num_iterations: 10]
[learning_rate: 0.1]
[num_leaves: 30]
[num_threads: -1]
[force_col_wise: 0]
[force_row_wise: 0]
[histogram_pool_size: -1]
[max_depth: -1]
[min_data_in_leaf: 20]
[min_sum_hessian_in_leaf: 0.001]
[bagging_fraction: 1]
[pos_bagging_fraction: 1]
[neg_bagging_fraction: 1]
[bagging_freq: 0]
[bagging_seed: 3]
[feature_fraction: 1]
[feature_fraction_bynode: 1]
[feature_fraction_seed: 2]
[extra_trees: 0]
[extra_seed: 6]
[early_stopping_round: 0]
[first_metric_only: 0]
[max_delta_step: 0]
[lambda_l1: 0]
[lambda_l2: 0]
[min_gain_to_split: 0]
[drop_rate: 0.1]
[max_drop: 50]
[skip_drop: 0.5]
[xgboost_dart_mode: 0]
[uniform_drop: 0]
[drop_seed: 4]
[top_rate: 0.2]
[other_rate: 0.1]
[min_data_per_group: 100]
[max_cat_threshold: 32]
[cat_l2: 10]
[cat_smooth: 10]
[max_cat_to_onehot: 4]
[top_k: 20]
[monotone_constraints: ]
[monotone_constraints_method: basic]
[monotone_penalty: 0]
[feature_contri: ]
[forcedsplits_filename: ]
[refit_decay_rate: 0.9]
[cegb_tradeoff: 1]
[cegb_penalty_split: 0]
[cegb_penalty_feature_lazy: ]
[cegb_penalty_feature_coupled: ]
[path_smooth: 0]
[interaction_constraints: ]
[verbosity: -1]
[saved_feature_importance_type: 0]
[max_bin: 255]
[max_bin_by_feature: ]
[min_data_in_bin: 3]
[bin_construct_sample_cnt: 200000]
[data_random_seed: 1]
[is_enable_sparse: 1]
[enable_bundle: 1]
[use_missing: 1]
[zero_as_missing: 0]
[feature_pre_filter: 1]
[pre_partition: 0]
[two_round: 0]
[header: 0]
[label_column: ]
[weight_column: ]
[group_column: ]
[ignore_column: ]
[categorical_feature: ]
[forcedbins_filename: ]
[objective_seed: 5]
[num_class: 1]
[is_unbalance: 0]
[scale_pos_weight: 1]
[sigmoid: 1]
[boost_from_average: 1]
[reg_sqrt: 0]
[alpha: 0.9]
[fair_c: 1]
[poisson_max_delta_step: 0.7]
[tweedie_variance_power: 1.5]
[lambdarank_truncation_level: 20]
[lambdarank_norm: 1]
[label_gain: ]
[eval_at: ]
[multi_error_top_k: 1]
[auc_mu_weights: ]
[num_machines: 1]
[local_listen_port: 12400]
[time_out: 120]
[machine_list_filename: ]
[machines: ]
[gpu_platform_id: -1]
[gpu_device_id: -1]
[gpu_use_dp: 0]

end of parameters

pandas_categorical:[]
